number 1
class SkyDome
name SkyDome
position
0.0,0.0,0.0
rotation
0.0,0.0,0.0
scale
1.0,1.0,1.0

number 1
class Ground_1_1
name Ground_1_1
position
0.0,0.0,0.0
rotation
0.0,0.0,0.0
scale
1.0,1.0,1.0

number 1
class RockWall_1_1
name RockWall_1_1
position
0.0,0.0,0.0
rotation
0.0,0.0,0.0
scale
1.0,1.0,1.0

number 7
class Tree_1
name Tree_1
position
-8.87,0.0,-5.37
-21.02,0.0,-3.29
-4.69,0.0,-1.55
-5.02,0.0,2.44
-18.3,0.0,-1.0
-14.04,0.0,8.42
30.0,0.0,-15.0
rotation
0.0,-114.0,0.0
0.0,48.0,0.0
0.0,-114.0,0.0
0.0,-124.0,0.0
0.0,180.0,0.0
0.0,171.0,0.0
0.0,180.0,0.0
scale
2.0,2.36,2.0
1.693,1.693,1.693
1.717,1.295,1.717
1.638,1.638,1.638
1.6,1.42,1.6
1.5,1.88,1.5
1.638,1.638,1.638

number 18
class Grass_1
name Grass_1
position
-6.56,0.0,-3.02
-19.54,0.0,-0.5
-5.55,0.0,-3.72
-16.60,0.0,-0.81
-6.12,0.0,-0.72
-2.81,0.0,3.17
-0.1,0.0,1.52
-2.2,0.0,1.92
-2.21,0.0,-0.32
-17.21,0.0,6.22
-16.11,0.0,8.35
-13.69,0.0,6.04
-3.84,0.0,-2.65
-2.85,0.0,-1.86
18.23,0.0,-9.94
-34.73,0.0,-11.61
-40.05,0.0,-6.71
-28.61,0.0,-6.71
rotation
0.0,44.0,0.0
0.0,88.0,0.0
0.0,94.0,0.0
0.0,-49.5,0.0
0.0,240.0,0.0
0.0,28.0,0.0
0.0,32.4,0.0
0.0,-117.0,0.0
0.0,191.8,0.0
0.0,37.9,0.0
0.0,-78.0,0.0
0.0,0.8,0.0
0.0,240.1,0.0
0.0,85.5,0.0
0.0,85.5,0.0
0.0,62.5,0.0
0.0,87.7,0.0
0.0,87.5,0.0
scale
0.4235,0.4235,0.4235
0.549,0.549,0.549
0.549,0.549,0.549
0.4235,0.4235,0.4235
0.4235,0.4235,0.4235
0.4235,0.4235,0.4235
0.4235,0.4235,0.4235
0.449,0.449,0.449
0.6055,0.6055,0.6055
0.6055,0.6055,0.6055
0.6055,0.6055,0.6055
0.6055,0.6055,0.6055
0.6055,0.6055,0.6055
0.6055,0.6055,0.6055
0.6055,0.6055,0.6055
0.6055,0.6055,0.6055
0.6055,0.6055,0.6055
0.5,0.5,0.5

number 11
class Grass_2
name Grass_2
position
-14.64,0.0,4.17
-15.03,0.0,1.09
-17.68,0.0,1.31
-4.39,0.0,1.02
-4.93,0.0,-0.26
20.04,0.0,-7.11
-35.91,0.0,-11.26
-40.89,0.0,-7.26
-26.79,0.0,-6.82
-24.85,0.0,-11,21
-18.41,0.0,-9.47
rotation
0.0,-106.6,0.0
0.0,0.0,0.0
0.0,0.0,0.0
0.0,-57.26,0.0
0.0,0.0,0.0
0.0,0.0,0.0
0.0,-177.43,0.0
0.0,-152.23,0.0
0.0,-177.43,0.0
0.0,-177.43,0.0
0.0,-127.93,0.0
scale
0.664,0.664,0.664
0.6055,0.6055,0.6055
0.542,0.542,0.542
0.6055,0.6055,0.6055
0.6055,0.6055,0.6055
0.6055,0.6055,0.6055
0.6055,0.6055,0.6055
0.6055,0.6055,0.6055
0.6055,0.6055,0.6055
0.6055,0.6055,0.6055
0.6055,0.6055,0.6055

number 1
class Bush
name Bush
position
-10.91,0.0,-6.465
rotation
0.0,0.0,0.0
scale
1.0,1.0,1.0

number 2
class Fern
name Fern
position
4.303,0.0,13.479
22.044,0.0,-5.529
rotation
0.0,0.0,0.0
0.0,-32.0,0.0
scale
1.0,1.0,1.0
1.3,1.0,1.3

number 3
class Cabin
name Cabin
position
-7.5,-0.08,12.6
35.7,-0.06,-4.5
19.5,-0.06,-14.9
rotation
0.0,85.0,0.0
0.0,161.0,0.0
0.0,310.0,0.0
scale
1.0,1.0,1.0
1.0,1.0,1.0
1.0,1.0,1.0

number 3
class WoodBox
name WoodBox
position
-29.0,0.0,13.0
-29.0,0.0,14.0
32.0,0.0,-0.7
rotation
0.0,0.0,0.0
0.0,0.0,0.0
0.0,0.0,0.0
scale
1.0,1.0,1.0
1.0,1.0,1.0
1.0,1.0,1.0
