number 1
class SkyDome
name SkyDome
position
0.0,0.0,0.0
rotation
0.0,0.0,0.0
scale
2.0,1.0,2.0

number 1
class RockWall_1_2
name RockWall_1_2
position
0.0,0.0,0.0
rotation
0.0,0.0,0.0
scale
1.0,1.0,1.0

number 1
class Ground_1_2
name Ground_1_2
position
0.0,0.0,0.0
rotation
0.0,0.0,0.0
scale
1.0,1.0,1.0

number 5
class Cabin
name Cabin
position
22.18,0.0,47.02
28.87,0.0,9.63
10.76,0.0,42.10
-11.39,0.0,24.88
-6.16,0.0,-26.11
rotation
0.0,79.79,0.0
0.0,130.0,0.0
0.0,82.39,0.0
0.0,160.0,0.0
0.0,0.0,0.0
scale
1.0,1.0,1.0
1.0,1.0,1.0
1.0,1.0,1.0
1.0,1.0,1.0
1.0,1.0,1.0

number 12
class Clover
name Clover
position
24.06,-0.01,18.62
23.51,-0.04,16.01
-19.15,-0.01,-11.13
-21.85,-0.02,-13.93
-19.69,-0.04,-13.75
-21.13,-0.05,-12.78
22.07,-0.05,16.98
21.99,-0.04,13.83
-21.21,-0.04,-15.93
21.36,-0.02,15.82
9.6,-0.02,-4.6
10.0,-0.02,-6.6
rotation
0.0,0.0,0.0
0.0,0.0,0.0
0.0,-31.68,0.0
0.0,-31.68,0.0
0.0,-31.68,0.0
0.0,-31.68,0.0
0.0,0.0,0.0
0.0,0.0,0.0
0.0,-31.68,0.0
0.0,0.0,0.0
0.0,0.0,0.0
0.0,20.0,0.0
scale
1.0,1.0,1.0
1.0,1.0,1.0
1.0,1.0,1.0
1.0,1.0,1.0
1.0,1.0,1.0
1.0,1.0,1.0
1.0,1.0,1.0
1.0,1.0,1.0
1.0,1.0,1.0
1.0,1.0,1.0
1.0,1.0,1.0
1.0,1.0,1.0

number 8
class Fallen_leaves
name Fallen_leaves
position
0.60,-0.2,47.75
48.33,-0.2,41.0
-7.65,-0.2,47.95
-5.98,-0.2,47.25
49.63,-0.2,38.36
-8.71,-0.2,45.75
1.63,-0.2,49.67
47.26,-0.2,38.82
rotation
-2.91,-0.01,-1.38
-0.62,-8.59,0.82
-0.69,0.01,0.76
-0.69,0.01,0.76
0.69,0.02,0.76
-2.91,-0.01,-1.38
-4.90,-0.13,-3.24
-1.87,52.68,3.07
scale
1.0,1.0,1.0
1.0,1.0,1.0
1.0,1.0,1.0
1.0,1.0,1.0
1.0,1.0,1.0
1.0,1.0,1.0
1.0,1.0,1.0
1.0,1.0,1.0

number 12
class Fence
name Fence
position
21.92,0.0,8.57
19.68,0.0,9.01
16.05,0.0,11.74
14.57,0.0,13.54
25.0,0.0,23.3
26.4,0.0,21.3
16.44,0.0,16.87
18.28,0.0,18.44
14.64,0.0,15.28
23.46,0.0,23.27
19.99,0.0,20.08
21.68,0.0,21.70
rotation
0.0,0.0,0.0
0.0,20.0,0.0
0.0,40.0,0.0
0.0,55.0,0.0
0.0,55.0,0.0
0.0,55.0,0.0
0.0,-42.0,0.0
0.0,-42.0,0.0
0.0,-42.0,0.0
0.0,-42.0,0.0
0.0,-42.0,0.0
0.0,-42.0,0.0
scale
1.0,1.0,1.0
1.0,1.0,1.0
1.0,1.0,1.0
1.0,1.0,1.0
1.0,1.0,1.0
1.0,1.0,1.0
1.0,1.0,1.0
1.0,1.0,1.0
1.0,1.0,1.0
1.0,1.0,1.0
1.0,1.0,1.0
1.0,1.0,1.0

number 5
class Fern
name Fern
position
12.47,0.0,2.47
7.20,0.0,-26.50
6.80,0.0,-44.70
-12.30,0.0,-61.30
-10.40,0.0,-13.80
rotation
0.0,0.0,0.0
0.0,0.0,0.0
0.0,0.0,0.0
0.0,0.0,0.0
0.0,0.0,0.0
scale
1.0,1.0,1.0
1.0,1.0,1.0
1.0,1.0,1.0
1.0,1.0,1.0
1.0,1.0,1.0

number 2
class Grass_1
name Grass_1
position
17.06,0.0,5.65
18.24,0.0,3.73
rotation
0.0,0.0,0.0
0.0,62.31,0.0
scale
1.0,1.0,1.0
1.0,1.0,1.0

number 4
class Grass_2
name Grass_2
position
15.28,0.0,5.53
15.59,0.0,7.55
17.99,0.0,7.15
16.18,0.0,3.28
rotation
0.0,62.31,0.0
0.0,0.0,0.0
0.0,0.0,0.0
0.0,62.31,0.0
scale
1.0,0.80,0.80
0.80,0.80,0.80
0.80,0.80,0.80
1.0,0.80,0.80

number 1
class Shrub
name Shrub
position
9.27,0.0,-52.60
rotation
0.0,0.0,0.0
scale
1.0,1.0,1.0

number 4
class Stone_A
name Stone_A
position
-7.11,0.0,-53.75
-18.38,0.0,-1.17
20.51,0.0,-4.11
37.69,0.0,44.38
rotation
0.0,-34.04,0.0
0.0,44.52,0.0
0.0,97.34,0.0
0.0,65.36,0.0
scale
1.0,1.0,1.0
1.0,1.0,1.0
1.0,1.0,1.0
1.0,1.0,1.0

number 14
class Tree_1
name Tree_1
position
-3.84,-0.02,-46.72
0.79,-0.02,28.60
-0.90,-0.1,-72.80
9.88,-0.1,-46.68
27.85,-0.02,33.62
16.17,-0.1,-45.32
8.20,-0.1,-59.20
13.38,0.04,27.72
7.38,-0.17,-16.41
-2.55,0.04,13.77
8.07,-0.02,20.09
-4.74,-0.02,21.52
-28.01,-0.01,9.18
-16.20,-0.04,-10.30
rotation
0.0,44.32,0.0
0.0,-33.64,0.0
0.0,44.32,0.0
0.0,13.68,0.0
0.0,-46.56,0.0
0.0,13.68,0.0
0.0,44.32,0.0
0.0,-33.64,0.0
0.0,0.0,0.0
0.0,-52.71,0.0
0.0,14.63,0.0
0.0,-64.68,0.0
0.0,-33.64,0.0
0.0,0.0,0.0
scale
1.0,1.0,1.0
1.30,1.40,1.30
1.0,1.20,1.0
1.0,1.20,1.0
1.0,1.0,1.0
1.0,1.20,1.0
0.72,1.10,0.72
1.30,1.30,1.30
1.20,1.20,1.20
1.0,1.0,1.0
1.60,1.60,1.60
1.0,1.50,1.0
1.09,1.09,1.09
1.0,1.0,1.0

number 3
class Tree_1_Trunk
name Tree_1_Trunk
position
-7.57,-0.02,46.47
2.12,-0.02,48.28
48.41,-0.02,39.52
rotation
0.0,0.0,0.0
0.0,46.73,0.0
0.0,64.64,0.0
scale
1.10,1.20,1.10
1.0,1.20,1.0
1.10,1.20,1.10

number 13
class Tree_2
name Tree_2
position
-24.14,-0.02,34.28
-0.83,-0.02,38.50
13.95,0.0,-62.19
7.80,0.0,-8.30
-15.63,0.0,-69.56
11.81,0.0,-40.28
-4.99,0.0,-40.40
20.98,-0.02,34.13
12.31,0.0,-54.07
-30.10,-0.10,-6.32
-11.60,-0.02,34.90
-19.37,-0.02,42.31
5.13,-0.02,14.44
rotation
0.0,0.0,0.0
0.0,7.85,0.0
0.0,44.32,0.0
0.0,63.80,0.0
0.0,13.68,0.0
0.0,13.68,0.0
0.0,44.32,0.0
0.0,0.0,0.0
0.0,44.32,0.0
0.0,0.0,0.0
0.0,38.71,0.0
0.0,7.85,0.0
0.0,-20.72,0.0
scale
2.1,2.1,2.1
2.3,2.3,2.3
2.3,2.3,2.3
2.0,2.2,2.0
2.4,2.4,2.4
2.0,2.3,2.0
2.0,2.0,2.0
2.2,2.4,2.2
2.4,2.5,2.4
2.1,2.5,2.1
2.1,2.2,2.1
2.4,2.4,2.4
2.2,2.2,2.2

number 3
class Weeds
name Weeds
position
-31.0,0.0,0.30
-12.12,0.0,-17.68
18.0,0.0,14.0
rotation
0.0,0.0,0.0
0.0,0.0,0.0
0.0,39.68,0.0
scale
1.0,1.0,1.0
1.0,1.0,1.0
1.0,1.0,1.0

